  0.100   0.990    0.24599E-05   0.10033E-05   0.59613E-04  -0.26472E-05   0.23927E-05   0.39421E-06
  0.200   1.400    0.26677E-05   0.10879E-05   0.55291E-04  -0.26499E-05   0.23992E-05   0.39439E-06
  0.300   1.715    0.29044E-05   0.11839E-05   0.50344E-04  -0.26525E-05   0.24030E-05   0.39458E-06
  0.400   1.981    0.31353E-05   0.12771E-05   0.45845E-04  -0.26535E-05   0.24011E-05   0.39477E-06
  0.500   2.214    0.33164E-05   0.13502E-05   0.42047E-04  -0.26519E-05   0.23911E-05   0.39496E-06
  0.600   2.426    0.34049E-05   0.13873E-05   0.38957E-04  -0.26474E-05   0.23721E-05   0.39517E-06
  0.700   2.620    0.33705E-05   0.13776E-05   0.36507E-04  -0.26408E-05   0.23465E-05   0.39539E-06
  0.800   2.801    0.32040E-05   0.13186E-05   0.34607E-04  -0.26340E-05   0.23186E-05   0.39563E-06
  0.900   2.971    0.29210E-05   0.12163E-05   0.33168E-04  -0.26286E-05   0.22931E-05   0.39587E-06
  1.000   3.132    0.25562E-05   0.10833E-05   0.32109E-04  -0.26258E-05   0.22735E-05   0.39613E-06
  1.100   3.284    0.21516E-05   0.93421E-06   0.31358E-04  -0.26262E-05   0.22614E-05   0.39640E-06
  1.200   3.430    0.17458E-05   0.78261E-06   0.30856E-04  -0.26300E-05   0.22570E-05   0.39667E-06
  1.300   3.571    0.13665E-05   0.63844E-06   0.30552E-04  -0.26369E-05   0.22593E-05   0.39695E-06
  1.400   3.705    0.10303E-05   0.50784E-06   0.30407E-04  -0.26465E-05   0.22668E-05   0.39724E-06
  1.500   3.835    0.74375E-06   0.39363E-06   0.30385E-04  -0.26584E-05   0.22778E-05   0.39755E-06
