  0.231   0.990   -0.11592E+04   0.29549E+00   0.10100E+01   0.50109E+00   0.74587E+03   0.10507E+00
  0.339   1.400   -0.11972E+04   0.30735E+00   0.10980E+01   0.50818E+00   0.75788E+03   0.10588E+00
  0.431   1.715   -0.12301E+04   0.31400E+00   0.11839E+01   0.51501E+00   0.76848E+03   0.10679E+00
  0.516   1.981   -0.12551E+04   0.31388E+00   0.12838E+01   0.52021E+00   0.77673E+03   0.10767E+00
  0.600   2.214   -0.12680E+04   0.30482E+00   0.14334E+01   0.52203E+00   0.78122E+03   0.10842E+00
  0.683   2.426   -0.12643E+04   0.28593E+00   0.17270E+01   0.51883E+00   0.78041E+03   0.10902E+00
  0.726   2.525   -0.12552E+04   0.27296E+00   0.20681E+01   0.51528E+00   0.77763E+03   0.10924E+00
  0.768   2.620   -0.12411E+04   0.25813E+00   0.28946E+01   0.50964E+00   0.77317E+03   0.10942E+00
  0.811   2.712   -0.12219E+04   0.23793E+00  -0.25816E+01   0.50245E+00   0.76704E+03   0.10950E+00
  0.854   2.801   -0.11981E+04   0.22204E+00  -0.67183E+00   0.49472E+00   0.75935E+03   0.10956E+00
  0.898   2.887   -0.11702E+04   0.20443E+00   0.92537E-01   0.48560E+00   0.75025E+03   0.10960E+00
  0.942   2.971   -0.11390E+04   0.18665E+00   0.38469E+00   0.47553E+00   0.74000E+03   0.10959E+00
  0.987   3.052   -0.11052E+04   0.16960E+00   0.53250E+00   0.46504E+00   0.72887E+03   0.10956E+00
  1.033   3.132   -0.10685E+04   0.15394E+00   0.58344E+00   0.43777E+00   0.71587E+03   0.10975E+00
  1.125   3.284   -0.99743E+03   0.12728E+00   0.68549E+00   0.42627E+00   0.69259E+03   0.10957E+00
  1.218   3.430   -0.92943E+03   0.10835E+00   0.73634E+00   0.41766E+00   0.67021E+03   0.10945E+00
  1.314   3.571   -0.86838E+03   0.97014E-01   0.76385E+00   0.41223E+00   0.65004E+03   0.10943E+00
  1.410   3.705   -0.81622E+03   0.92029E-01   0.77939E+00   0.40945E+00   0.63279E+03   0.10950E+00
  1.507   3.835   -0.77353E+03   0.91449E-01   0.78823E+00   0.40911E+00   0.61868E+03   0.10953E+00
  1.605   3.961   -0.73921E+03   0.93461E-01   0.82109E+00   0.40987E+00   0.60745E+03   0.10965E+00
  1.704   4.083   -0.71495E+03   0.96080E-01   0.79888E+00   0.41139E+00   0.59947E+03   0.10944E+00
  1.803   4.201   -0.69733E+03   0.10074E+00   0.80240E+00   0.41448E+00   0.59381E+03   0.10934E+00
  1.902   4.317   -0.68621E+03   0.10431E+00   0.80615E+00   0.41719E+00   0.59032E+03   0.10860E+00
  2.001   4.429   -0.68069E+03   0.10746E+00   0.81004E+00   0.41991E+00   0.58868E+03   0.10727E+00
  2.101   4.538   -0.68008E+03   0.11045E+00   0.81392E+00   0.42283E+00   0.58864E+03   0.10528E+00
  2.201   4.645   -0.68390E+03   0.11309E+00   0.81791E+00   0.42563E+00   0.59000E+03   0.10250E+00
  2.300   4.749   -0.69192E+03   0.11570E+00   0.82170E+00   0.42848E+00   0.59265E+03   0.99083E-01
  2.400   4.851   -0.70414E+03   0.11835E+00   0.82544E+00   0.43133E+00   0.59654E+03   0.95196E-01
  2.500   4.951   -0.72125E+03   0.12123E+00   0.82842E+00   0.43420E+00   0.60184E+03   0.91109E-01
  2.600   5.049   -0.74392E+03   0.12449E+00   0.83112E+00   0.43711E+00   0.60869E+03   0.87120E-01
  2.700   5.146   -0.77401E+03   0.12835E+00   0.83213E+00   0.44006E+00   0.61759E+03   0.83459E-01
  2.800   5.240   -0.81468E+03   0.13329E+00   0.83298E+00   0.44317E+00   0.62938E+03   0.80313E-01
  2.900   5.333   -0.87199E+03   0.13987E+00   0.83136E+00   0.44648E+00   0.64570E+03   0.77745E-01
  3.000   5.424   -0.95861E+03   0.14951E+00   0.82620E+00   0.45024E+00   0.66998E+03   0.75760E-01
