  0.231   0.990   -0.63190E+00   0.21960E+00   0.14205E+04   0.40650E+00   0.68100E+00   0.58652E-01
  0.339   1.400   -0.67435E+00   0.24101E+00   0.12602E+04   0.42534E+00   0.74021E+00   0.58846E-01
  0.431   1.715   -0.73632E+00   0.26189E+00   0.11813E+04   0.44006E+00   0.79007E+00   0.59276E-01
  0.516   1.981   -0.80831E+00   0.28338E+00   0.11473E+04   0.45346E+00   0.83749E+00   0.60049E-01
  0.600   2.214   -0.91585E+00   0.30987E+00   0.11585E+04   0.46582E+00   0.89189E+00   0.61206E-01
  0.683   2.426   -0.11195E+01   0.35598E+00   0.12551E+04   0.47722E+00   0.97170E+00   0.63394E-01
  0.726   2.525   -0.13413E+01   0.40218E+00   0.13914E+04   0.48182E+00   0.10483E+01   0.65740E-01
  0.768   2.620   -0.17533E+01   0.44304E+00   0.16854E+04   0.47327E+00   0.12053E+01   0.71778E-01
  0.811   2.712    0.40973E+01  -0.15087E+01  -0.16000E+04   0.18526E+00  -0.27634E+00   0.47708E-01
  0.854   2.801    0.10468E+01  -0.28614E+00  -0.31355E+02   0.40193E+00   0.39335E+00   0.51952E-01
  0.898   2.887    0.31598E+00  -0.61999E-01   0.39618E+03   0.43121E+00   0.58661E+00   0.56055E-01
  0.942   2.971    0.63529E-01   0.80224E-02   0.55502E+03   0.43752E+00   0.65319E+00   0.57994E-01
  0.987   3.052   -0.51810E-01   0.36314E-01   0.63698E+03   0.43732E+00   0.68214E+00   0.59227E-01
  1.033   3.132   -0.11129E+00   0.47663E-01   0.68647E+03   0.41402E+00   0.65695E+00   0.60280E-01
  1.125   3.284   -0.15520E+00   0.51012E-01   0.74787E+03   0.41550E+00   0.67799E+00   0.61669E-01
  1.218   3.430   -0.15792E+00   0.45159E-01   0.78620E+03   0.41548E+00   0.68492E+00   0.62806E-01
  1.314   3.571   -0.14565E+00   0.38265E-01   0.81435E+03   0.41560E+00   0.68612E+00   0.63823E-01
  1.410   3.705   -0.12899E+00   0.32992E-01   0.83695E+03   0.41638E+00   0.68520E+00   0.64670E-01
  1.507   3.835   -0.11209E+00   0.29846E-01   0.85597E+03   0.41785E+00   0.68339E+00   0.65424E-01
  1.605   3.961   -0.14492E+00   0.28627E-01   0.87221E+03   0.41974E+00   0.69483E+00   0.66205E-01
  1.704   4.083   -0.85425E-01   0.30472E-01   0.88678E+03   0.42321E+00   0.68065E+00   0.66963E-01
  1.803   4.201   -0.78783E-01   0.29783E-01   0.89947E+03   0.42435E+00   0.68166E+00   0.66880E-01
  1.902   4.317   -0.74337E-01   0.31038E-01   0.91071E+03   0.42666E+00   0.68290E+00   0.66782E-01
  2.001   4.429   -0.72560E-01   0.32426E-01   0.92071E+03   0.42887E+00   0.68494E+00   0.66306E-01
  2.101   4.538   -0.72731E-01   0.33772E-01   0.92964E+03   0.43089E+00   0.68745E+00   0.65359E-01
  2.201   4.645   -0.74344E-01   0.35190E-01   0.93763E+03   0.43285E+00   0.69035E+00   0.64030E-01
  2.300   4.749   -0.77000E-01   0.36695E-01   0.94480E+03   0.43480E+00   0.69350E+00   0.62299E-01
  2.400   4.851   -0.81292E-01   0.38254E-01   0.95126E+03   0.43667E+00   0.69701E+00   0.60294E-01
  2.500   4.951   -0.83598E-01   0.39992E-01   0.95709E+03   0.43854E+00   0.69997E+00   0.58163E-01
  2.600   5.049   -0.86990E-01   0.41887E-01   0.96237E+03   0.44039E+00   0.70314E+00   0.56066E-01
  2.700   5.146   -0.93535E-01   0.44218E-01   0.96717E+03   0.44234E+00   0.70746E+00   0.54131E-01
  2.800   5.240   -0.92353E-01   0.46828E-01   0.97154E+03   0.44431E+00   0.70887E+00   0.52450E-01
  2.900   5.333   -0.93453E-01   0.50263E-01   0.97554E+03   0.44648E+00   0.71123E+00   0.51063E-01
  3.000   5.424   -0.92265E-01   0.54974E-01   0.97920E+03   0.44897E+00   0.71290E+00   0.49993E-01
