  0.231   0.990   -0.45066E+00   0.11576E+04   0.45301E+00   0.74419E+03   0.48449E+00   0.54296E-01
  0.339   1.400   -0.46751E+00   0.11956E+04   0.48169E+00   0.75618E+03   0.49241E+00   0.57779E-01
  0.431   1.715   -0.47828E+00   0.12285E+04   0.51168E+00   0.76674E+03   0.49937E+00   0.60232E-01
  0.516   1.981   -0.48044E+00   0.12534E+04   0.55021E+00   0.77497E+03   0.50443E+00   0.61918E-01
  0.600   2.214   -0.47126E+00   0.12663E+04   0.60792E+00   0.77946E+03   0.50573E+00   0.62694E-01
  0.683   2.426   -0.44976E+00   0.12627E+04   0.72727E+00   0.77866E+03   0.50155E+00   0.61806E-01
  0.726   2.525   -0.43443E+00   0.12537E+04   0.86478E+00   0.77590E+03   0.49735E+00   0.60772E-01
  0.768   2.620   -0.41674E+00   0.12396E+04   0.11983E+01   0.77146E+03   0.49115E+00   0.59422E-01
  0.811   2.712   -0.39229E+00   0.12205E+04  -0.10299E+01   0.76535E+03   0.48265E+00   0.57588E-01
  0.854   2.801   -0.37196E+00   0.11967E+04  -0.24742E+00   0.75769E+03   0.47413E+00   0.55359E-01
  0.898   2.887   -0.34970E+00   0.11689E+04   0.62903E-01   0.74863E+03   0.46432E+00   0.52834E-01
  0.942   2.971   -0.32689E+00   0.11377E+04   0.18202E+00   0.73841E+03   0.45349E+00   0.50138E-01
  0.987   3.052   -0.30449E+00   0.11041E+04   0.24226E+00   0.72731E+03   0.44226E+00   0.47246E-01
  1.033   3.132   -0.28335E+00   0.10674E+04   0.26151E+00   0.71438E+03   0.41637E+00   0.44297E-01
  1.125   3.284   -0.24524E+00   0.99647E+03   0.30521E+00   0.69116E+03   0.40245E+00   0.38545E-01
  1.218   3.430   -0.21479E+00   0.92859E+03   0.32888E+00   0.66884E+03   0.39151E+00   0.33387E-01
  1.314   3.571   -0.19214E+00   0.86762E+03   0.34375E+00   0.64872E+03   0.38395E+00   0.29274E-01
  1.410   3.705   -0.17608E+00   0.81554E+03   0.35434E+00   0.63150E+03   0.37935E+00   0.26188E-01
  1.507   3.835   -0.16585E+00   0.77290E+03   0.36253E+00   0.61742E+03   0.37716E+00   0.24238E-01
  1.605   3.961   -0.15991E+00   0.73861E+03   0.36904E+00   0.60621E+03   0.37686E+00   0.50820E-01
  1.704   4.083   -0.15634E+00   0.71437E+03   0.37396E+00   0.59823E+03   0.37754E+00   0.22835E-01
  1.803   4.201   -0.15677E+00   0.69676E+03   0.37964E+00   0.59257E+03   0.38003E+00   0.22352E-01
  1.902   4.317   -0.15809E+00   0.68563E+03   0.38373E+00   0.58908E+03   0.38245E+00   0.22438E-01
  2.001   4.429   -0.16064E+00   0.68010E+03   0.38725E+00   0.58743E+03   0.38510E+00   0.22666E-01
  2.101   4.538   -0.16427E+00   0.67946E+03   0.39014E+00   0.58738E+03   0.38807E+00   0.23027E-01
  2.201   4.645   -0.16852E+00   0.68325E+03   0.39264E+00   0.58873E+03   0.39103E+00   0.23571E-01
  2.300   4.749   -0.17334E+00   0.69124E+03   0.39487E+00   0.59136E+03   0.39406E+00   0.24368E-01
  2.400   4.851   -0.17865E+00   0.70341E+03   0.39685E+00   0.59524E+03   0.39710E+00   0.25368E-01
  2.500   4.951   -0.18444E+00   0.72046E+03   0.39861E+00   0.60050E+03   0.40016E+00   0.27077E-01
  2.600   5.049   -0.19081E+00   0.74305E+03   0.40017E+00   0.60733E+03   0.40324E+00   0.29242E-01
  2.700   5.146   -0.19794E+00   0.77304E+03   0.40152E+00   0.61620E+03   0.40637E+00   0.32019E-01
  2.800   5.240   -0.20623E+00   0.81353E+03   0.40270E+00   0.62793E+03   0.40960E+00   0.37189E-01
  2.900   5.333   -0.21645E+00   0.87057E+03   0.40358E+00   0.64416E+03   0.41302E+00   0.43876E-01
  3.000   5.424   -0.23028E+00   0.95669E+03   0.40401E+00   0.66830E+03   0.41687E+00   0.54242E-01
