  0.100   0.990    0.72668E+03  -0.23199E+01  -0.76516E+00   0.17113E+01  -0.44817E+02  -0.92323E-07
  0.200   1.400    0.77195E+03  -0.25608E+01  -0.71378E+00   0.18221E+01  -0.43934E+02  -0.94153E-07
  0.300   1.715    0.82506E+03  -0.28446E+01  -0.65101E+00   0.19517E+01  -0.43331E+02  -0.96354E-07
  0.400   1.981    0.88090E+03  -0.31263E+01  -0.59104E+00   0.20917E+01  -0.43709E+02  -0.98683E-07
  0.500   2.214    0.93199E+03  -0.33375E+01  -0.53656E+00   0.22284E+01  -0.45558E+02  -0.10068E-06
  0.600   2.426    0.97001E+03  -0.34019E+01  -0.48751E+00   0.23442E+01  -0.49113E+02  -0.10205E-06
  0.700   2.620    0.98776E+03  -0.32618E+01  -0.44351E+00   0.24246E+01  -0.54194E+02  -0.10254E-06
  0.800   2.801    0.98108E+03  -0.29069E+01  -0.40447E+00   0.24610E+01  -0.60230E+02  -0.10191E-06
  0.900   2.971    0.95003E+03  -0.23846E+01  -0.37045E+00   0.24525E+01  -0.66436E+02  -0.10011E-06
  1.000   3.132    0.89859E+03  -0.17808E+01  -0.34148E+00   0.24045E+01  -0.72044E+02  -0.97332E-07
  1.100   3.284    0.83304E+03  -0.11859E+01  -0.31734E+00   0.23256E+01  -0.76497E+02  -0.93928E-07
  1.200   3.430    0.76004E+03  -0.66593E+00  -0.29760E+00   0.22252E+01  -0.79525E+02  -0.90255E-07
  1.300   3.571    0.68533E+03  -0.25305E+00  -0.28167E+00   0.21121E+01  -0.81110E+02  -0.86606E-07
  1.400   3.705    0.61304E+03   0.48946E-01  -0.26892E+00   0.19934E+01  -0.81405E+02  -0.83182E-07
  1.500   3.835    0.54575E+03   0.25327E+00  -0.25875E+00   0.18746E+01  -0.80641E+02  -0.80102E-07
  1.600   3.961    0.48474E+03   0.37986E+00  -0.25063E+00   0.17596E+01  -0.79066E+02  -0.77424E-07
  1.700   4.083    0.43043E+03   0.44886E+00  -0.24410E+00   0.16509E+01  -0.76906E+02  -0.75168E-07
  1.800   4.201    0.38267E+03   0.47749E+00  -0.23882E+00   0.15502E+01  -0.74351E+02  -0.73325E-07
  1.900   4.317    0.34102E+03   0.47920E+00  -0.23451E+00   0.14581E+01  -0.71550E+02  -0.71869E-07
  2.000   4.429    0.30488E+03   0.46381E+00  -0.23099E+00   0.13751E+01  -0.68619E+02  -0.70765E-07
  2.100   4.538    0.27362E+03   0.43817E+00  -0.22812E+00   0.13010E+01  -0.65644E+02  -0.69969E-07
  2.200   4.645    0.24665E+03   0.40688E+00  -0.22581E+00   0.12354E+01  -0.62686E+02  -0.69429E-07
  2.300   4.749    0.22340E+03   0.37291E+00  -0.22402E+00   0.11779E+01  -0.59789E+02  -0.69088E-07
  2.400   4.851    0.20337E+03   0.33806E+00  -0.22270E+00   0.11281E+01  -0.56984E+02  -0.68876E-07
  2.500   4.951    0.18613E+03   0.30343E+00  -0.22180E+00   0.10852E+01  -0.54290E+02  -0.68709E-07
  2.600   5.049    0.17129E+03   0.26963E+00  -0.22130E+00   0.10488E+01  -0.51720E+02  -0.68484E-07
  2.700   5.146    0.15852E+03   0.23706E+00  -0.22116E+00   0.10183E+01  -0.49281E+02  -0.68082E-07
  2.800   5.240    0.14754E+03   0.20596E+00  -0.22134E+00   0.99335E+00  -0.46975E+02  -0.67363E-07
  2.900   5.333    0.13810E+03   0.17651E+00  -0.22180E+00   0.97332E+00  -0.44801E+02  -0.66176E-07
  3.000   5.424    0.12999E+03   0.14884E+00  -0.22254E+00   0.95776E+00  -0.42757E+02  -0.64380E-07
