  0.100   0.990   -0.18628E+01   0.72629E+03  -0.32875E+01   0.45161E+02  -0.13951E+01  -0.24506E-06
  0.200   1.400   -0.20567E+01   0.77152E+03  -0.30493E+01   0.44298E+02  -0.14850E+01  -0.24785E-06
  0.300   1.715   -0.22854E+01   0.82458E+03  -0.27579E+01   0.43719E+02  -0.15901E+01  -0.25090E-06
  0.400   1.981   -0.25125E+01   0.88038E+03  -0.24797E+01   0.44124E+02  -0.17037E+01  -0.25360E-06
  0.500   2.214   -0.26832E+01   0.93143E+03  -0.22278E+01   0.45999E+02  -0.18146E+01  -0.25641E-06
  0.600   2.426   -0.27355E+01   0.96944E+03  -0.20026E+01   0.49576E+02  -0.19087E+01  -0.25758E-06
  0.700   2.620   -0.26226E+01   0.98721E+03  -0.18025E+01   0.54672E+02  -0.19739E+01  -0.25521E-06
  0.800   2.801   -0.23356E+01   0.98059E+03  -0.16272E+01   0.60715E+02  -0.20034E+01  -0.24903E-06
  0.900   2.971   -0.19122E+01   0.94963E+03  -0.14768E+01   0.66919E+02  -0.19965E+01  -0.23988E-06
  1.000   3.132   -0.14221E+01   0.89829E+03  -0.13506E+01   0.72518E+02  -0.19575E+01  -0.22870E-06
  1.100   3.284   -0.93854E+00   0.83284E+03  -0.12470E+01   0.76955E+02  -0.18934E+01  -0.21624E-06
  1.200   3.430   -0.51580E+00   0.75994E+03  -0.11632E+01   0.79963E+02  -0.18120E+01  -0.20305E-06
  1.300   3.571   -0.18044E+00   0.68529E+03  -0.10961E+01   0.81526E+02  -0.17202E+01  -0.18958E-06
  1.400   3.705    0.64240E-01   0.61305E+03  -0.10425E+01   0.81798E+02  -0.16240E+01  -0.17623E-06
  1.500   3.835    0.22898E+00   0.54579E+03  -0.99960E+00   0.81011E+02  -0.15275E+01  -0.16330E-06
