  0.100   0.990   -0.11137E-02  -0.65675E-02   0.37967E+03   0.33033E-01  -0.50045E-02   0.72346E-08
  0.200   1.400   -0.25818E-02  -0.15051E-01   0.81546E+03   0.14614E+00  -0.22028E-01   0.30793E-07
  0.300   1.715    0.13898E-02   0.91834E-02   0.11470E+04   0.31746E+00  -0.47626E-01   0.64201E-07
  0.400   1.981    0.17649E-01   0.10719E+00   0.13655E+04   0.51904E+00  -0.77535E-01   0.10042E-06
  0.500   2.214    0.52460E-01   0.31656E+00   0.14892E+04   0.73000E+00  -0.10867E+00   0.13486E-06
  0.600   2.426    0.10966E+00   0.66020E+00   0.15398E+04   0.93742E+00  -0.13921E+00   0.16455E-06
  0.700   2.620    0.18876E+00   0.11349E+01   0.15362E+04   0.11347E+01  -0.16833E+00   0.18763E-06
  0.800   2.801    0.28415E+00   0.17066E+01   0.14936E+04   0.13192E+01  -0.19576E+00   0.20349E-06
  0.900   2.971    0.38618E+00   0.23174E+01   0.14242E+04   0.14895E+01  -0.22138E+00   0.21252E-06
  1.000   3.132    0.48389E+00   0.29026E+01   0.13372E+04   0.16438E+01  -0.24493E+00   0.21556E-06
  1.100   3.284    0.56803E+00   0.34082E+01   0.12402E+04   0.17793E+01  -0.26594E+00   0.21361E-06
  1.200   3.430    0.63289E+00   0.38015E+01   0.11384E+04   0.18925E+01  -0.28382E+00   0.20774E-06
  1.300   3.571    0.67656E+00   0.40723E+01   0.10359E+04   0.19803E+01  -0.29806E+00   0.19918E-06
  1.400   3.705    0.70004E+00   0.42271E+01   0.93552E+03   0.20406E+01  -0.30825E+00   0.18932E-06
  1.500   3.835    0.70605E+00   0.42820E+01   0.83915E+03   0.20725E+01  -0.31420E+00   0.17976E-06
