  0.100   0.990   -0.42397E-02  -0.16891E+00  -0.54554E+00   0.21627E-01  -0.43783E-03   0.74734E-11
  0.200   1.400   -0.44528E-01  -0.16312E+01  -0.11879E+01   0.18082E+00  -0.37563E-02   0.12951E-09
  0.300   1.715   -0.17048E+00  -0.57034E+01  -0.16913E+01   0.53876E+00  -0.11420E-01   0.51595E-09
  0.400   1.981   -0.42973E+00  -0.13017E+02  -0.20364E+01   0.10258E+01  -0.22108E-01   0.12348E-08
  0.500   2.214   -0.85535E+00  -0.23192E+02  -0.22462E+01   0.14783E+01  -0.32254E-01   0.22408E-08
  0.600   2.426   -0.14541E+01  -0.34765E+02  -0.23504E+01   0.17068E+01  -0.37343E-01   0.33537E-08
  0.700   2.620   -0.21976E+01  -0.45421E+02  -0.23759E+01   0.15710E+01  -0.33515E-01   0.42840E-08
  0.800   2.801   -0.30226E+01  -0.52488E+02  -0.23447E+01   0.10372E+01  -0.19144E-01   0.47420E-08
  0.900   2.971   -0.38440E+01  -0.53650E+02  -0.22740E+01   0.19878E+00   0.42476E-02   0.45440E-08
  1.000   3.132   -0.45770E+01  -0.47609E+02  -0.21773E+01  -0.75212E+00   0.32313E-01   0.36652E-08
  1.100   3.284   -0.51575E+01  -0.34372E+02  -0.20645E+01  -0.15890E+01   0.59321E-01   0.22523E-08
  1.200   3.430   -0.55543E+01  -0.15049E+02  -0.19434E+01  -0.21184E+01   0.79894E-01   0.60723E-09
  1.300   3.571   -0.57671E+01   0.86440E+01  -0.18196E+01  -0.22196E+01   0.90241E-01  -0.85174E-09
  1.400   3.705   -0.58180E+01   0.34888E+02  -0.16975E+01  -0.18505E+01   0.88562E-01  -0.16317E-08
  1.500   3.835   -0.57399E+01   0.62097E+02  -0.15801E+01  -0.10301E+01   0.74793E-01  -0.11867E-08
  1.600   3.961   -0.55672E+01   0.89063E+02  -0.14694E+01   0.18468E+00   0.50043E-01   0.10922E-08
  1.700   4.083   -0.53310E+01   0.11496E+03  -0.13668E+01   0.17202E+01   0.16016E-01   0.59135E-08
  1.800   4.201   -0.50561E+01   0.13929E+03  -0.12728E+01   0.35000E+01  -0.25434E-01   0.14139E-07
  1.900   4.317   -0.47610E+01   0.16178E+03  -0.11878E+01   0.54534E+01  -0.72597E-01   0.26855E-07
  2.000   4.429   -0.44586E+01   0.18234E+03  -0.11116E+01   0.75187E+01  -0.12406E+00   0.45439E-07
  2.100   4.538   -0.41574E+01   0.20099E+03  -0.10441E+01   0.96445E+01  -0.17872E+00   0.71656E-07
  2.200   4.645   -0.38621E+01   0.21779E+03  -0.98456E+00   0.11790E+02  -0.23579E+00   0.10772E-06
  2.300   4.749   -0.35754E+01   0.23289E+03  -0.93247E+00   0.13921E+02  -0.29465E+00   0.15637E-06
  2.400   4.851   -0.32987E+01   0.24640E+03  -0.88699E+00   0.16015E+02  -0.35472E+00   0.22088E-06
  2.500   4.951   -0.30329E+01   0.25851E+03  -0.84723E+00   0.18053E+02  -0.41543E+00   0.30495E-06
  2.600   5.049   -0.27790E+01   0.26935E+03  -0.81225E+00   0.20024E+02  -0.47610E+00   0.41244E-06
  2.700   5.146   -0.25382E+01   0.27909E+03  -0.78113E+00   0.21921E+02  -0.53598E+00   0.54667E-06
  2.800   5.240   -0.23120E+01   0.28787E+03  -0.75303E+00   0.23741E+02  -0.59425E+00   0.70930E-06
  2.900   5.333   -0.21018E+01   0.29582E+03  -0.72716E+00   0.25483E+02  -0.65010E+00   0.89876E-06
  3.000   5.424   -0.19083E+01   0.30307E+03  -0.70287E+00   0.27150E+02  -0.70265E+00   0.11083E-05
