  0.100   0.990    0.12396E+01  -0.93119E-02  -0.17065E+00   0.21258E-02   0.16446E+00  -0.53202E-10
  0.200   1.400    0.13565E+02  -0.10125E+00  -0.38176E+00   0.23905E-01   0.15774E+01  -0.57465E-09
  0.300   1.715    0.54029E+02  -0.40282E+00  -0.56553E+00   0.97759E-01   0.54545E+01  -0.23079E-08
  0.400   1.981    0.14130E+03  -0.10533E+01  -0.71639E+00   0.26217E+00   0.12237E+02  -0.60996E-08
  0.500   2.214    0.29088E+03  -0.21571E+01  -0.83816E+00   0.55204E+00   0.21281E+02  -0.12657E-07
  0.600   2.426    0.50972E+03  -0.37206E+01  -0.93458E+00   0.98658E+00   0.30864E+02  -0.22303E-07
  0.700   2.620    0.79209E+03  -0.56017E+01  -0.10079E+01   0.15604E+01   0.38577E+02  -0.34784E-07
  0.800   2.801    0.11192E+04  -0.75235E+01  -0.10598E+01   0.22434E+01   0.42023E+02  -0.49210E-07
  0.900   2.971    0.14638E+04  -0.91679E+01  -0.10923E+01   0.29907E+01   0.39558E+02  -0.64251E-07
  1.000   3.132    0.17975E+04  -0.10297E+02  -0.11082E+01   0.37554E+01   0.30727E+02  -0.78536E-07
  1.100   3.284    0.20980E+04  -0.10824E+02  -0.11110E+01   0.44988E+01   0.16207E+02  -0.91004E-07
  1.200   3.430    0.23516E+04  -0.10804E+02  -0.11041E+01   0.51936E+01  -0.26032E+01  -0.10106E-06
  1.300   3.571    0.25535E+04  -0.10376E+02  -0.10907E+01   0.58238E+01  -0.24071E+02  -0.10853E-06
  1.400   3.705    0.27054E+04  -0.96928E+01  -0.10732E+01   0.63819E+01  -0.46699E+02  -0.11356E-06
  1.500   3.835    0.28128E+04  -0.88881E+01  -0.10533E+01   0.68667E+01  -0.69302E+02  -0.11646E-06
  1.600   3.961    0.28825E+04  -0.80559E+01  -0.10322E+01   0.72811E+01  -0.91049E+02  -0.11764E-06
  1.700   4.083    0.29218E+04  -0.72549E+01  -0.10105E+01   0.76303E+01  -0.11141E+03  -0.11754E-06
  1.800   4.201    0.29369E+04  -0.65157E+01  -0.98869E+00   0.79206E+01  -0.13010E+03  -0.11660E-06
  1.900   4.317    0.29333E+04  -0.58503E+01  -0.96678E+00   0.81586E+01  -0.14699E+03  -0.11523E-06
  2.000   4.429    0.29155E+04  -0.52593E+01  -0.94477E+00   0.83505E+01  -0.16206E+03  -0.11383E-06
  2.100   4.538    0.28870E+04  -0.47374E+01  -0.92254E+00   0.85021E+01  -0.17537E+03  -0.11278E-06
  2.200   4.645    0.28505E+04  -0.42765E+01  -0.90002E+00   0.86183E+01  -0.18701E+03  -0.11245E-06
  2.300   4.749    0.28083E+04  -0.38680E+01  -0.87714E+00   0.87029E+01  -0.19708E+03  -0.11321E-06
  2.400   4.851    0.27620E+04  -0.35041E+01  -0.85392E+00   0.87589E+01  -0.20571E+03  -0.11540E-06
  2.500   4.951    0.27129E+04  -0.31780E+01  -0.83038E+00   0.87885E+01  -0.21302E+03  -0.11935E-06
  2.600   5.049    0.26619E+04  -0.28844E+01  -0.80655E+00   0.87928E+01  -0.21914E+03  -0.12535E-06
  2.700   5.146    0.26099E+04  -0.26190E+01  -0.78245E+00   0.87722E+01  -0.22416E+03  -0.13357E-06
  2.800   5.240    0.25574E+04  -0.23786E+01  -0.75807E+00   0.87266E+01  -0.22820E+03  -0.14405E-06
  2.900   5.333    0.25048E+04  -0.21606E+01  -0.73338E+00   0.86551E+01  -0.23136E+03  -0.15652E-06
  3.000   5.424    0.24525E+04  -0.19628E+01  -0.70832E+00   0.85565E+01  -0.23371E+03  -0.17038E-06
