  0.231   0.990   -0.28300E+02   0.18147E-01  -0.14735E+00   0.81273E-02   0.85887E+01   0.38374E-03
  0.339   1.400   -0.92688E+02   0.57350E-01  -0.16003E+00   0.25965E-01   0.28340E+02   0.12880E-02
  0.431   1.715   -0.19560E+03   0.11624E+00  -0.12752E+00   0.53326E-01   0.60244E+02   0.27920E-02
  0.516   1.981   -0.34202E+03   0.19414E+00  -0.46818E-01   0.90424E-01   0.10607E+03   0.50174E-02
  0.600   2.214   -0.53390E+03   0.28702E+00   0.12651E+00   0.13609E+00   0.16665E+03   0.80591E-02
  0.683   2.426   -0.76646E+03   0.38634E+00   0.55065E+00   0.18700E+00   0.24062E+03   0.11930E-01
  0.726   2.525   -0.89397E+03   0.43463E+00   0.11816E+01   0.21279E+00   0.28137E+03   0.14146E-01
  0.768   2.620   -0.10256E+04   0.48086E+00   0.38414E+01   0.23779E+00   0.32357E+03   0.16527E-01
  0.811   2.712   -0.11584E+04   0.52096E+00   0.10617E+02   0.26048E+00   0.36622E+03   0.19147E-01
  0.854   2.801   -0.12890E+04   0.54828E+00   0.72212E-01   0.28011E+00   0.40825E+03   0.21610E-01
  0.898   2.887   -0.14142E+04   0.57297E+00  -0.27686E+00   0.29706E+00   0.44860E+03   0.24224E-01
  0.942   2.971   -0.15312E+04   0.58892E+00  -0.24131E+00   0.31006E+00   0.48629E+03   0.26864E-01
  0.987   3.052   -0.16373E+04   0.59619E+00  -0.17200E+00   0.31895E+00   0.52049E+03   0.29502E-01
  1.033   3.132   -0.17300E+04   0.59478E+00  -0.11247E+00   0.32004E+00   0.55009E+03   0.32180E-01
  1.125   3.284   -0.18761E+04   0.57147E+00   0.15501E-02   0.31997E+00   0.59681E+03   0.37353E-01
  1.218   3.430   -0.19666E+04   0.52737E+00   0.88599E-01   0.30835E+00   0.62503E+03   0.42574E-01
  1.314   3.571   -0.20068E+04   0.47299E+00   0.15291E+00   0.28935E+00   0.63633E+03   0.48092E-01
  1.410   3.705   -0.20055E+04   0.41712E+00   0.19802E+00   0.26660E+00   0.63357E+03   0.54226E-01
  1.507   3.835   -0.19724E+04   0.36642E+00   0.22663E+00   0.24390E+00   0.61991E+03   0.61305E-01
  1.605   3.961   -0.19154E+04   0.32403E+00   0.34233E+00   0.22241E+00   0.59824E+03   0.69789E-01
  1.704   4.083   -0.18448E+04   0.28538E+00   0.24741E+00   0.20135E+00   0.57159E+03   0.79732E-01
  1.803   4.201   -0.17641E+04   0.26369E+00   0.24392E+00   0.18573E+00   0.54176E+03   0.91701E-01
  1.902   4.317   -0.16789E+04   0.24276E+00   0.23560E+00   0.17037E+00   0.51053E+03   0.10526E+00
  2.001   4.429   -0.15923E+04   0.22543E+00   0.22406E+00   0.15644E+00   0.47908E+03   0.12009E+00
  2.101   4.538   -0.15066E+04   0.21064E+00   0.21081E+00   0.14374E+00   0.44818E+03   0.13539E+00
  2.201   4.645   -0.14230E+04   0.19678E+00   0.19697E+00   0.13179E+00   0.41830E+03   0.14992E+00
  2.300   4.749   -0.13423E+04   0.18361E+00   0.18306E+00   0.12058E+00   0.38971E+03   0.16239E+00
  2.400   4.851   -0.12647E+04   0.17069E+00   0.17090E+00   0.10998E+00   0.36248E+03   0.17155E+00
  2.500   4.951   -0.11907E+04   0.15777E+00   0.15643E+00   0.99888E-01   0.33676E+03   0.17650E+00
  2.600   5.049   -0.11196E+04   0.14477E+00   0.14408E+00   0.90304E-01   0.31236E+03   0.17707E+00
  2.700   5.146   -0.10512E+04   0.13160E+00   0.13187E+00   0.81174E-01   0.28922E+03   0.17353E+00
  2.800   5.240   -0.98499E+03   0.11820E+00   0.12083E+00   0.72462E-01   0.26713E+03   0.16666E+00
  2.900   5.333   -0.91975E+03   0.10457E+00   0.11021E+00   0.64141E-01   0.24578E+03   0.15741E+00
  3.000   5.424   -0.85328E+03   0.90645E-01   0.10015E+00   0.56151E-01   0.22454E+03   0.14679E+00
