  0.100   0.990    0.83695E-08   0.32152E-08   0.11017E-04   0.51096E-09   0.95272E-09   0.20913E-15
  0.200   1.400    0.88107E-07   0.35067E-07   0.24010E-04   0.23249E-09   0.94112E-08   0.89980E-15
  0.300   1.715    0.33724E-06   0.13503E-06   0.34247E-04  -0.38492E-08   0.31808E-07   0.19125E-14
  0.400   1.981    0.84796E-06   0.33908E-06   0.41326E-04  -0.12555E-07   0.68833E-07   0.32820E-14
  0.500   2.214    0.16791E-05   0.66865E-06   0.45666E-04  -0.23960E-07   0.11468E-06   0.63836E-14
  0.600   2.426    0.28309E-05   0.11219E-05   0.47824E-04  -0.34054E-07   0.15837E-06   0.17498E-13
  0.700   2.620    0.42312E-05   0.16702E-05   0.48311E-04  -0.38104E-07   0.18692E-06   0.56977E-13
  0.800   2.801    0.57443E-05   0.22630E-05   0.47556E-04  -0.32304E-07   0.18952E-06   0.17864E-12
  0.900   2.971    0.72064E-05   0.28410E-05   0.45910E-04  -0.15060E-07   0.16119E-06   0.50538E-12
  1.000   3.132    0.84719E-05   0.33528E-05   0.43654E-04   0.12659E-07   0.10401E-06   0.12880E-11
  1.100   3.284    0.94469E-05   0.37645E-05   0.41007E-04   0.47949E-07   0.25480E-07   0.29954E-11
  1.200   3.430    0.10098E-04   0.40629E-05   0.38141E-04   0.87068E-07  -0.64576E-07   0.64429E-11
  1.300   3.571    0.10442E-04   0.42514E-05   0.35183E-04   0.12640E-06  -0.15687E-06   0.12968E-10
  1.400   3.705    0.10522E-04   0.43435E-05   0.32229E-04   0.16301E-06  -0.24427E-06   0.24656E-10
  1.500   3.835    0.10395E-04   0.43573E-05   0.29348E-04   0.19472E-06  -0.32218E-06   0.44631E-10
