  0.100   0.990   -0.74845E-02   0.12380E+01  -0.79586E+00  -0.16414E+00  -0.17201E-02  -0.14969E-09
  0.200   1.400   -0.81418E-01   0.13548E+02  -0.17802E+01  -0.15732E+01  -0.19350E-01  -0.15628E-08
  0.300   1.715   -0.32410E+00   0.53961E+02  -0.26361E+01  -0.54370E+01  -0.79180E-01  -0.61552E-08
  0.400   1.981   -0.84799E+00   0.14113E+03  -0.33364E+01  -0.12190E+02  -0.21246E+00  -0.15985E-07
  0.500   2.214   -0.17380E+01   0.29051E+03  -0.38985E+01  -0.21179E+02  -0.44758E+00  -0.32779E-07
  0.600   2.426   -0.30001E+01   0.50909E+03  -0.43401E+01  -0.30681E+02  -0.80019E+00  -0.57121E-07
  0.700   2.620   -0.45204E+01   0.79115E+03  -0.46730E+01  -0.38285E+02  -0.12659E+01  -0.87680E-07
  0.800   2.801   -0.60755E+01   0.11179E+04  -0.49070E+01  -0.41601E+02  -0.18204E+01  -0.12155E-06
  0.900   2.971   -0.74071E+01   0.14622E+04  -0.50540E+01  -0.38994E+02  -0.24269E+01  -0.15526E-06
  1.000   3.132   -0.83207E+01   0.17958E+04  -0.51294E+01  -0.30018E+02  -0.30475E+01  -0.18556E-06
  1.100   3.284   -0.87442E+01   0.20962E+04  -0.51505E+01  -0.15356E+02  -0.36506E+01  -0.20987E-06
  1.200   3.430   -0.87214E+01   0.23498E+04  -0.51336E+01   0.35866E+01  -0.42144E+01  -0.22652E-06
  1.300   3.571   -0.83642E+01   0.25518E+04  -0.50923E+01   0.25174E+02  -0.47259E+01  -0.23483E-06
  1.400   3.705   -0.77994E+01   0.27038E+04  -0.50364E+01   0.47906E+02  -0.51791E+01  -0.23498E-06
  1.500   3.835   -0.71358E+01   0.28113E+04  -0.49723E+01   0.70601E+02  -0.55729E+01  -0.22766E-06
