  0.100   0.990  -0.129860E-04  0.573732E-04
  0.100   0.990  -0.116149E-04  0.574204E-04
  0.100   0.990  -0.888004E-05  0.573887E-04
  0.100   0.990  -0.102511E-04  0.574265E-04
  0.100   0.990  -0.129860E-04  0.573732E-04
  0.200   1.400  -0.376938E-04  0.104051E-03
  0.200   1.400  -0.348646E-04  0.104260E-03
  0.200   1.400  -0.301317E-04  0.104267E-03
  0.200   1.400  -0.329609E-04  0.104348E-03
  0.200   1.400  -0.376938E-04  0.104051E-03
  0.300   1.715  -0.650928E-04  0.137892E-03
  0.300   1.715  -0.607330E-04  0.138445E-03
  0.300   1.715  -0.546234E-04  0.138834E-03
  0.300   1.715  -0.589844E-04  0.138830E-03
  0.300   1.715  -0.650928E-04  0.137892E-03
  0.400   1.981  -0.909190E-04  0.160808E-03
  0.400   1.981  -0.850421E-04  0.161969E-03
  0.400   1.981  -0.782390E-04  0.163341E-03
  0.400   1.981  -0.841232E-04  0.163000E-03
  0.400   1.981  -0.909190E-04  0.160808E-03
  0.500   2.214  -0.113227E-03  0.174956E-03
  0.500   2.214  -0.106003E-03  0.177026E-03
  0.500   2.214  -0.994086E-04  0.180113E-03
  0.500   2.214  -0.106660E-03  0.179114E-03
  0.500   2.214  -0.113227E-03  0.174956E-03
  0.600   2.426  -0.131156E-03  0.182230E-03
  0.600   2.426  -0.122947E-03  0.185472E-03
  0.600   2.426  -0.117743E-03  0.190923E-03
  0.600   2.426  -0.126036E-03  0.188970E-03
  0.600   2.426  -0.131156E-03  0.182230E-03
  0.700   2.620  -0.144416E-03  0.184263E-03
  0.700   2.620  -0.135753E-03  0.188802E-03
  0.700   2.620  -0.133329E-03  0.196959E-03
  0.700   2.620  -0.142200E-03  0.193888E-03
  0.700   2.620  -0.144416E-03  0.184263E-03
  0.800   2.801  -0.153096E-03  0.182475E-03
  0.800   2.801  -0.144602E-03  0.188223E-03
  0.800   2.801  -0.146359E-03  0.198959E-03
  0.800   2.801  -0.155305E-03  0.194812E-03
  0.800   2.801  -0.153096E-03  0.182475E-03
  0.900   2.971  -0.157582E-03  0.178055E-03
  0.900   2.971  -0.149860E-03  0.184699E-03
  0.900   2.971  -0.156955E-03  0.197411E-03
  0.900   2.971  -0.165559E-03  0.192444E-03
  0.900   2.971  -0.157582E-03  0.178055E-03
  1.000   3.132  -0.158462E-03  0.171929E-03
  1.000   3.132  -0.151997E-03  0.178977E-03
  1.000   3.132  -0.165124E-03  0.192733E-03
  1.000   3.132  -0.173167E-03  0.187341E-03
  1.000   3.132  -0.158462E-03  0.171929E-03
  1.100   3.284  -0.156407E-03  0.164749E-03
  1.100   3.284  -0.151516E-03  0.171616E-03
  1.100   3.284  -0.170821E-03  0.185379E-03
  1.100   3.284  -0.178327E-03  0.179979E-03
  1.100   3.284  -0.156407E-03  0.164749E-03
  1.200   3.430  -0.152066E-03  0.156933E-03
  1.200   3.430  -0.148902E-03  0.163017E-03
  1.200   3.430  -0.174027E-03  0.175868E-03
  1.200   3.430  -0.181237E-03  0.170783E-03
  1.200   3.430  -0.152066E-03  0.156933E-03
  1.300   3.571  -0.146001E-03  0.148740E-03
  1.300   3.571  -0.144582E-03  0.153463E-03
  1.300   3.571  -0.174805E-03  0.164756E-03
  1.300   3.571  -0.182098E-03  0.160130E-03
  1.300   3.571  -0.146001E-03  0.148740E-03
  1.400   3.705  -0.138679E-03  0.140329E-03
  1.400   3.705  -0.138909E-03  0.143159E-03
  1.400   3.705  -0.173321E-03  0.152581E-03
  1.400   3.705  -0.181110E-03  0.148352E-03
  1.400   3.705  -0.138679E-03  0.140329E-03
  1.500   3.835  -0.130486E-03  0.131810E-03
  1.500   3.835  -0.132161E-03  0.132265E-03
  1.500   3.835  -0.169830E-03  0.139818E-03
  1.500   3.835  -0.178467E-03  0.135738E-03
  1.500   3.835  -0.130486E-03  0.131810E-03
