  0.231   0.990  -0.172305E+04 -0.837772E+02
  0.339   1.400  -0.245267E+04 -0.207675E+03
  0.431   1.715  -0.300422E+04 -0.368859E+03
  0.516   1.981  -0.344087E+04 -0.567768E+03
  0.600   2.214  -0.377413E+04 -0.800478E+03
  0.683   2.426  -0.399958E+04 -0.105562E+04
  0.726   2.525  -0.406946E+04 -0.118608E+04
  0.768   2.620  -0.410882E+04 -0.131667E+04
  0.811   2.712  -0.410142E+04 -0.142410E+04
  0.854   2.801  -0.410143E+04 -0.153109E+04
  0.898   2.887  -0.406111E+04 -0.162904E+04
  0.942   2.971  -0.399563E+04 -0.170964E+04
  0.987   3.052  -0.390900E+04 -0.177148E+04
  1.033   3.132  -0.380167E+04 -0.181188E+04
  1.125   3.284  -0.355515E+04 -0.183537E+04
  1.218   3.430  -0.327624E+04 -0.178033E+04
  1.314   3.571  -0.298588E+04 -0.165591E+04
  1.410   3.705  -0.270056E+04 -0.147533E+04
  1.507   3.835  -0.243240E+04 -0.125425E+04
  1.605   3.961  -0.218669E+04 -0.100557E+04
  1.704   4.083  -0.197188E+04 -0.756872E+03
  1.803   4.201  -0.178008E+04 -0.509995E+03
  1.902   4.317  -0.160879E+04 -0.278360E+03
  2.001   4.429  -0.145283E+04 -0.675697E+02
  2.101   4.538  -0.130752E+04  0.119928E+03
  2.201   4.645  -0.116939E+04  0.283835E+03
  2.300   4.749  -0.103622E+04  0.425099E+03
  2.400   4.851  -0.906843E+03  0.545763E+03
  2.500   4.951  -0.781050E+03  0.646094E+03
  2.600   5.049  -0.658954E+03  0.729350E+03
  2.700   5.146  -0.541191E+03  0.796661E+03
  2.800   5.240  -0.428422E+03  0.849461E+03
  2.900   5.333  -0.321362E+03  0.889017E+03
  3.000   5.424  -0.220358E+03  0.916456E+03
