  0.000   0.000   0.000000E+00  0.000000E+00
  0.000   0.000   0.000000E+00  0.000000E+00
  0.000   0.000   0.000000E+00  0.000000E+00
  0.000   0.000   0.000000E+00  0.000000E+00
  0.000   0.000   0.000000E+00  0.000000E+00
 -1.000  -1.000  -0.524453E-16  0.333985E-16
 -1.000  -1.000  -0.932096E-16  0.816120E-16
 -1.000  -1.000  -0.198364E-16 -0.310582E-15
 -1.000  -1.000  -0.143734E-15  0.132380E-15
 -1.000  -1.000  -0.851339E-16  0.127091E-15
  0.000   0.022  -0.245032E+01 -0.388287E+07
  0.000   0.022  -0.216505E+01 -0.388287E+07
  0.000   0.022  -0.147430E+01 -0.388287E+07
  0.000   0.022  -0.783540E+00 -0.388287E+07
  0.000   0.022  -0.498271E+00 -0.388287E+07
