  0.100   0.990   0.122759E+02  0.575585E+02
  0.100   0.990  -0.223234E+04  0.563583E+02
  0.100   0.990  -0.107822E+02  0.575335E+02
  0.100   0.990   0.223384E+04  0.586600E+02
  0.100   0.990   0.122759E+02  0.575585E+02
  0.200   1.400   0.243435E+02  0.519456E+02
  0.200   1.400  -0.439375E+04  0.349943E+02
  0.200   1.400  -0.198794E+02  0.515804E+02
  0.200   1.400   0.439822E+04  0.682490E+02
  0.200   1.400   0.243435E+02  0.519456E+02
  0.300   1.715   0.356569E+02  0.476784E+02
  0.300   1.715  -0.647431E+04 -0.288533E+02
  0.300   1.715  -0.281268E+02  0.460057E+02
  0.300   1.715   0.648185E+04  0.121927E+03
  0.300   1.715   0.356569E+02  0.476784E+02
  0.400   1.981   0.458126E+02  0.449454E+02
  0.400   1.981  -0.844393E+04 -0.168378E+03
  0.400   1.981  -0.357332E+02  0.402269E+02
  0.400   1.981   0.845404E+04  0.252508E+03
  0.400   1.981   0.458126E+02  0.449454E+02
  0.500   2.214   0.543438E+02  0.438189E+02
  0.500   2.214  -0.102521E+05 -0.406700E+03
  0.500   2.214  -0.424393E+02  0.337588E+02
  0.500   2.214   0.102641E+05  0.482718E+03
  0.500   2.214   0.543438E+02  0.438189E+02
  0.600   2.426   0.607167E+02  0.441196E+02
  0.600   2.426  -0.118357E+05 -0.743395E+03
  0.600   2.426  -0.477019E+02  0.264391E+02
  0.600   2.426   0.118489E+05  0.811819E+03
  0.600   2.426   0.607167E+02  0.441196E+02
  0.700   2.620   0.644817E+02  0.453264E+02
  0.700   2.620  -0.131341E+05 -0.114704E+04
  0.700   2.620  -0.509443E+02  0.185538E+02
  0.700   2.620   0.131480E+05  0.120819E+04
  0.700   2.620   0.644817E+02  0.453264E+02
  0.800   2.801   0.655050E+02  0.466536E+02
  0.800   2.801  -0.141082E+05 -0.155954E+04
  0.800   2.801  -0.518551E+02  0.107685E+02
  0.800   2.801   0.141225E+05  0.161364E+04
  0.800   2.801   0.655050E+02  0.466536E+02
  0.900   2.971   0.641014E+02  0.473025E+02
  0.900   2.971  -0.147531E+05 -0.191204E+04
  0.900   2.971  -0.505761E+02  0.386134E+01
  0.900   2.971   0.147676E+05  0.195936E+04
  0.900   2.971   0.641014E+02  0.473025E+02
  1.000   3.132   0.609464E+02  0.467366E+02
  1.000   3.132  -0.150974E+05 -0.214453E+04
  1.000   3.132  -0.476527E+02 -0.158614E+01
  1.000   3.132   0.151120E+05  0.218540E+04
  1.000   3.132   0.609464E+02  0.467366E+02
  1.100   3.284   0.568341E+02  0.448092E+02
  1.100   3.284  -0.151916E+05 -0.221939E+04
  1.100   3.284  -0.438053E+02 -0.535844E+01
  1.100   3.284   0.152063E+05  0.225424E+04
  1.100   3.284   0.568341E+02  0.448092E+02
  1.200   3.430   0.524442E+02  0.417059E+02
  1.200   3.430  -0.150929E+05 -0.212492E+04
  1.200   3.430  -0.396874E+02 -0.757990E+01
  1.200   3.430   0.151078E+05  0.215423E+04
  1.200   3.430   0.524442E+02  0.417059E+02
  1.300   3.571   0.482268E+02  0.377879E+02
  1.300   3.571  -0.148535E+05 -0.187064E+04
  1.300   3.571  -0.357513E+02 -0.857407E+01
  1.300   3.571   0.148685E+05  0.189497E+04
  1.300   3.571   0.482268E+02  0.377879E+02
  1.400   3.705   0.444052E+02  0.334441E+02
  1.400   3.705  -0.145146E+05 -0.147942E+04
  1.400   3.705  -0.322326E+02 -0.871716E+01
  1.400   3.705   0.145295E+05  0.149930E+04
  1.400   3.705   0.444052E+02  0.334441E+02
  1.500   3.835   0.410397E+02  0.290042E+02
  1.500   3.835  -0.141052E+05 -0.979947E+03
  1.500   3.835  -0.292025E+02 -0.834404E+01
  1.500   3.835   0.141200E+05  0.995914E+03
  1.500   3.835   0.410397E+02  0.290042E+02
  1.600   3.961   0.380982E+02  0.247095E+02
  1.600   3.961  -0.136443E+05 -0.401544E+03
  1.600   3.961  -0.266340E+02 -0.771092E+01
  1.600   3.961   0.136588E+05  0.414091E+03
  1.600   3.961   0.380982E+02  0.247095E+02
  1.700   4.083   0.355080E+02  0.207185E+02
  1.700   4.083  -0.131433E+05  0.228817E+03
  1.700   4.083  -0.244547E+02 -0.699478E+01
  1.700   4.083   0.131575E+05 -0.219245E+03
  1.700   4.083   0.355080E+02  0.207185E+02
  1.800   4.201   0.331856E+02  0.171238E+02
  1.800   4.201  -0.126088E+05  0.887732E+03
  1.800   4.201  -0.225792E+02 -0.630849E+01
  1.800   4.201   0.126225E+05 -0.880743E+03
  1.800   4.201   0.331856E+02  0.171238E+02
  1.900   4.317   0.310504E+02  0.139702E+02
  1.900   4.317  -0.120446E+05  0.155559E+04
  1.900   4.317  -0.209247E+02 -0.571823E+01
  1.900   4.317   0.120577E+05 -0.155084E+04
  1.900   4.317   0.310504E+02  0.139702E+02
  2.000   4.429   0.290308E+02  0.112667E+02
  2.000   4.429  -0.114530E+05  0.221629E+04
  2.000   4.429  -0.194166E+02 -0.525699E+01
  2.000   4.429   0.114653E+05 -0.221348E+04
  2.000   4.429   0.290308E+02  0.112667E+02
  2.100   4.538   0.270660E+02  0.899505E+01
  2.100   4.538  -0.108355E+05  0.285680E+04
  2.100   4.538  -0.179895E+02 -0.493251E+01
  2.100   4.538   0.108470E+05 -0.285565E+04
  2.100   4.538   0.270660E+02  0.899505E+01
  2.200   4.645   0.251081E+02  0.711469E+01
  2.200   4.645  -0.101939E+05  0.346669E+04
  2.200   4.645  -0.165894E+02 -0.473145E+01
  2.200   4.645   0.102045E+05 -0.346697E+04
  2.200   4.645   0.251081E+02  0.711469E+01
  2.300   4.749   0.231266E+02  0.556762E+01
  2.300   4.749  -0.952994E+04  0.403770E+04
  2.300   4.749  -0.151766E+02 -0.462263E+01
  2.300   4.749   0.953974E+04 -0.403921E+04
  2.300   4.749   0.231266E+02  0.556762E+01
  2.400   4.851   0.211118E+02  0.428505E+01
  2.400   4.851  -0.884597E+04  0.456347E+04
  2.400   4.851  -0.137311E+02 -0.456255E+01
  2.400   4.851   0.885493E+04 -0.456600E+04
  2.400   4.851   0.211118E+02  0.428505E+01
  2.500   4.951   0.190778E+02  0.319739E+01
  2.500   4.951  -0.814478E+04  0.503911E+04
  2.500   4.951  -0.122550E+02 -0.450435E+01
  2.500   4.951   0.815292E+04 -0.504250E+04
  2.500   4.951   0.190778E+02  0.319739E+01
  2.600   5.049   0.170587E+02  0.224553E+01
  2.600   5.049  -0.742966E+04  0.546105E+04
  2.600   5.049  -0.107708E+02 -0.440840E+01
  2.600   5.049   0.743701E+04 -0.546512E+04
  2.600   5.049   0.170587E+02  0.224553E+01
  2.700   5.146   0.151008E+02  0.138946E+01
  2.700   5.146  -0.670435E+04  0.582671E+04
  2.700   5.146  -0.931353E+01 -0.425060E+01
  2.700   5.146   0.671098E+04 -0.583133E+04
  2.700   5.146   0.151008E+02  0.138946E+01
  2.800   5.240   0.132502E+02  0.610727E+00
  2.800   5.240  -0.597294E+04  0.613438E+04
  2.800   5.240  -0.791991E+01 -0.402461E+01
  2.800   5.240   0.597892E+04 -0.613941E+04
  2.800   5.240   0.132502E+02  0.610727E+00
  2.900   5.333   0.115429E+02 -0.916884E-01
  2.900   5.333  -0.523975E+04  0.638311E+04
  2.900   5.333  -0.661958E+01 -0.373800E+01
  2.900   5.333   0.524514E+04 -0.638841E+04
  2.900   5.333   0.115429E+02 -0.916884E-01
  3.000   5.424   0.999944E+01 -0.709195E+00
  3.000   5.424  -0.450918E+04  0.657259E+04
  3.000   5.424  -0.543087E+01 -0.340511E+01
  3.000   5.424   0.451407E+04 -0.657804E+04
  3.000   5.424   0.999944E+01 -0.709195E+00
