  0.100   0.990  -0.292269E+03  0.537237E+00
  0.100   0.990  -0.118516E+01  0.679816E+00
  0.100   0.990   0.292034E+03  0.849172E+00
  0.100   0.990   0.951108E+00  0.689622E+00
  0.100   0.990  -0.292269E+03  0.537237E+00
  0.200   1.400  -0.503586E+03 -0.719493E+00
  0.200   1.400  -0.186757E+01  0.117322E+01
  0.200   1.400   0.502861E+03  0.325988E+01
  0.200   1.400   0.114264E+01  0.130961E+01
  0.200   1.400  -0.503586E+03 -0.719493E+00
  0.300   1.715  -0.643490E+03 -0.622275E+01
  0.300   1.715  -0.205924E+01  0.135416E+01
  0.300   1.715   0.642214E+03  0.963679E+01
  0.300   1.715   0.782960E+00  0.195082E+01
  0.300   1.715  -0.643490E+03 -0.622275E+01
  0.400   1.981  -0.719163E+03 -0.173373E+02
  0.400   1.981  -0.174336E+01  0.113788E+01
