  0.100   0.990  -0.221418E+04 -0.189867E+01
  0.100   0.990   0.215749E+01 -0.726184E+00
  0.100   0.990   0.221452E+04  0.400765E+00
  0.100   0.990  -0.181880E+01 -0.743279E+00
  0.100   0.990  -0.221418E+04 -0.189867E+01
  0.200   1.400  -0.435403E+04 -0.180042E+02
  0.200   1.400   0.434589E+01 -0.121593E+01
  0.200   1.400   0.435511E+04  0.152173E+02
  0.200   1.400  -0.326814E+01 -0.145744E+01
  0.200   1.400  -0.435403E+04 -0.180042E+02
  0.300   1.715  -0.640933E+04 -0.772211E+02
  0.300   1.715   0.643666E+01 -0.123197E+01
  0.300   1.715   0.641130E+04  0.734314E+02
  0.300   1.715  -0.446538E+01 -0.230280E+01
  0.300   1.715  -0.640933E+04 -0.772211E+02
  0.400   1.981  -0.835089E+04 -0.212642E+03
  0.400   1.981   0.820256E+01 -0.585428E+00
  0.400   1.981   0.835381E+04  0.208111E+03
  0.400   1.981  -0.529537E+01 -0.349496E+01
  0.400   1.981  -0.835089E+04 -0.212642E+03
  0.500   2.214  -0.101286E+05 -0.447468E+03
  0.500   2.214   0.927178E+01  0.790018E+00
  0.500   2.214   0.101324E+05  0.442436E+03
  0.500   2.214  -0.544872E+01 -0.512378E+01
  0.500   2.214  -0.101286E+05 -0.447468E+03
  0.600   2.426  -0.116795E+05 -0.781562E+03
  0.600   2.426   0.920631E+01  0.271272E+01
  0.600   2.426   0.116843E+05  0.776261E+03
  0.600   2.426  -0.454159E+01 -0.702622E+01
  0.600   2.426  -0.116795E+05 -0.781562E+03
  0.700   2.620  -0.129438E+05 -0.118387E+04
  0.700   2.620   0.768983E+01  0.470071E+01
  0.700   2.620   0.129493E+05  0.117851E+04
  0.700   2.620  -0.231526E+01 -0.874825E+01
  0.700   2.620  -0.129438E+05 -0.118387E+04
  0.800   2.801  -0.138825E+05 -0.159632E+04
  0.800   2.801   0.473367E+01  0.608674E+01
  0.800   2.801   0.138888E+05  0.159110E+04
  0.800   2.801   0.116476E+01 -0.967069E+01
  0.800   2.801  -0.138825E+05 -0.159632E+04
  0.900   2.971  -0.144910E+05 -0.194946E+04
  0.900   2.971   0.754263E+00  0.628131E+01
  0.900   2.971   0.144977E+05  0.194453E+04
  0.900   2.971   0.544502E+01 -0.927253E+01
  0.900   2.971  -0.144910E+05 -0.194946E+04
  1.000   3.132  -0.147981E+05 -0.218231E+04
  1.000   3.132  -0.356622E+01  0.502006E+01
  1.000   3.132   0.148052E+05  0.217777E+04
  1.000   3.132   0.983369E+01 -0.736827E+01
  1.000   3.132  -0.147981E+05 -0.218231E+04
  1.100   3.284  -0.148558E+05 -0.225654E+04
  1.100   3.284  -0.754454E+01  0.243292E+01
  1.100   3.284   0.148630E+05  0.225244E+04
  1.100   3.284   0.136666E+02 -0.416320E+01
  1.100   3.284  -0.148558E+05 -0.225654E+04
  1.200   3.430  -0.147229E+05 -0.216041E+04
  1.200   3.430  -0.107093E+02 -0.107491E+01
  1.200   3.430   0.147300E+05  0.215678E+04
  1.200   3.430   0.165141E+02 -0.123154E+00
  1.200   3.430  -0.147229E+05 -0.216041E+04
  1.300   3.571  -0.144530E+05 -0.190410E+04
  1.300   3.571  -0.128668E+02 -0.501302E+01
  1.300   3.571   0.144600E+05  0.190095E+04
  1.300   3.571   0.182377E+02  0.422151E+01
  1.300   3.571  -0.144530E+05 -0.190410E+04
  1.400   3.705  -0.140883E+05 -0.151149E+04
  1.400   3.705  -0.140464E+02 -0.895213E+01
  1.400   3.705   0.140950E+05  0.150883E+04
  1.400   3.705   0.189271E+02  0.842410E+01
  1.400   3.705  -0.140883E+05 -0.151149E+04
  1.500   3.835  -0.136583E+05 -0.101233E+04
  1.500   3.835  -0.144034E+02 -0.125872E+02
  1.500   3.835   0.136647E+05  0.101016E+04
  1.500   3.835   0.187949E+02  0.121840E+02
  1.500   3.835  -0.136583E+05 -0.101233E+04
